373378.00  25.78689542 2 
199213.00  13.62358148 1 
180585.00  12.45912158 1 
134585.00   9.21055513 0 
379916.00  25.98302523 3 
227490.00  15.57941537 1 
483927.00  33.13858056 3 
169689.00  11.61012890 0 
220901.00  15.10684161 1 
22382.00  33.86952772 3 
41458.00  21.97428259 2 
13952.00  25.97799170 2 
93254.00  16.03216955 1 
19033.00  32.82513840 3 
176488.00  12.62021302 0 
165971.00  15.81185182 1 
132726.00  10.23572254 0 
122399.00  12.94393349 0 
124730.00   8.93953967 0 
217409.00  17.56176250 1 
153911.00  13.40142991 0 
231684.00  16.58566547 2 
337484.00  24.91129314 2 
