27202.00 2.67884137 0 
37801.00 2.79027092 1 
22149.00 1.58559031 2 
31649.00 2.75576051 0
0.00 0.00000000 3
12104.00 0.86750732 2 
35973.00 3.42710320 0
11587.00 0.82948372 2 
38290.00 3.19557610 0 
44648.00 4.72161327 0  
35288.00 2.72138222 1  
30995.00 2.22071285 1  
10228.00 0.74789481 3  
35973.00 3.42710320 1  
9233.00 0.72907454 1  
56821.00 4.10149765 0  
123600.00 8.83832515 0  
18621.00 1.51176385 2 
160416.00 2.29313835 1 
0.00 0.00000000 3  
35869.00 2.45297367 1 
82100.00 5.61494217 0 
28156.00 1.92823429 2  
37493.00 2.56470769 1  
0.00 0.00000000 3
42831.00 2.93049892 0  
17765.00 1.21652002 2 
